2
-29.5745
10.2
-24.921
10.4255
10.2
55.079
2
-29.5745
10.2
-28.921
10.4255
10.2
51.079
2
-29.5745
10.2
-32.921
10.4255
10.2
47.079
2
-29.5745
10.2
-36.921
10.4255
10.2
43.079
2
-29.5745
10.2
-40.921
10.4255
10.2
39.079
2
-29.5745
10.2
-44.921
10.4255
10.2
35.079
2
-29.5745
10.2
-48.921
10.4255
10.2
31.079
2
-29.5745
10.2
-52.921
10.4255
10.2
27.079
2
-29.5745
10.2
-56.921
10.4255
10.2
23.079
3
-29.5745
10.2
-60.921
-5.527841
10.2
-16.25434
10.4255
10.2
19.079
2
-25.5745
10.2
-24.921
14.4255
10.2
55.079
2
-25.5745
10.2
-28.921
14.4255
10.2
51.079
2
-25.5745
10.2
-32.921
14.4255
10.2
47.079
2
-25.5745
10.2
-36.921
14.4255
10.2
43.079
2
-25.5745
10.2
-40.921
14.4255
10.2
39.079
2
-25.5745
10.2
-44.921
14.4255
10.2
35.079
2
-25.5745
10.2
-48.921
14.4255
10.2
31.079
2
-25.5745
10.2
-52.921
14.4255
10.2
27.079
2
-25.5745
10.2
-56.921
14.4255
10.2
23.079
2
-25.5745
10.2
-60.921
14.4255
10.2
19.079
2
-21.5745
10.2
-24.921
18.4255
10.2
55.079
2
-21.5745
10.2
-28.921
18.4255
10.2
51.079
2
-21.5745
10.2
-32.921
18.4255
10.2
47.079
2
-21.5745
10.2
-36.921
18.4255
10.2
43.079
2
-21.5745
10.2
-40.921
18.4255
10.2
39.079
2
-21.5745
10.2
-44.921
18.4255
10.2
35.079
3
-21.5745
10.2
-48.921
-5.527841
10.2
-16.25434
18.4255
10.2
31.079
2
-21.5745
10.2
-52.921
18.4255
10.2
27.079
2
-21.5745
10.2
-56.921
18.4255
10.2
23.079
2
-21.5745
10.2
-60.921
18.4255
10.2
19.079
2
-17.5745
10.2
-24.921
22.4255
10.2
55.079
2
-17.5745
10.2
-28.921
22.4255
10.2
51.079
2
-17.5745
10.2
-32.921
22.4255
10.2
47.079
2
-17.5745
10.2
-36.921
22.4255
10.2
43.079
3
-17.5745
10.2
-40.921
-5.527841
10.2
-16.25434
22.4255
10.2
39.079
3
-17.5745
10.2
-44.921
-5.527841
10.2
-16.25434
22.4255
10.2
35.079
2
-17.5745
10.2
-48.921
22.4255
10.2
31.079
2
-17.5745
10.2
-52.921
22.4255
10.2
27.079
2
-17.5745
10.2
-56.921
22.4255
10.2
23.079
2
-17.5745
10.2
-60.921
22.4255
10.2
19.079
2
-13.5745
10.2
-24.921
26.4255
10.2
55.079
2
-13.5745
10.2
-28.921
26.4255
10.2
51.079
3
-13.5745
10.2
-32.921
-5.527841
10.2
-16.25434
26.4255
10.2
47.079
3
-13.5745
10.2
-36.921
-5.527841
10.2
-16.25434
26.4255
10.2
43.079
3
-13.5745
10.2
-40.921
-5.527841
10.2
-16.25434
26.4255
10.2
39.079
2
-13.5745
10.2
-44.921
26.4255
10.2
35.079
2
-13.5745
10.2
-48.921
26.4255
10.2
31.079
2
-13.5745
10.2
-52.921
26.4255
10.2
27.079
2
-13.5745
10.2
-56.921
26.4255
10.2
23.079
2
-13.5745
10.2
-60.921
26.4255
10.2
19.079
3
-9.5745
10.2
-24.921
-5.527841
10.2
-16.25434
30.4255
10.2
55.079
3
-9.5745
10.2
-28.921
-5.527841
10.2
-16.25434
30.4255
10.2
51.079
3
-9.5745
10.2
-32.921
-5.527841
10.2
-16.25434
30.4255
10.2
47.079
3
-9.5745
10.2
-36.921
-5.527841
10.2
-16.25434
30.4255
10.2
43.079
2
-9.5745
10.2
-40.921
30.4255
10.2
39.079
2
-9.5745
10.2
-44.921
30.4255
10.2
35.079
2
-9.5745
10.2
-48.921
30.4255
10.2
31.079
2
-9.5745
10.2
-52.921
30.4255
10.2
27.079
2
-9.5745
10.2
-56.921
30.4255
10.2
23.079
2
-9.5745
10.2
-60.921
30.4255
10.2
19.079
2
-5.574504
10.2
-24.921
34.4255
10.2
55.079
2
-5.574504
10.2
-28.921
34.4255
10.2
51.079
2
-5.574504
10.2
-32.921
34.4255
10.2
47.079
2
-5.574504
10.2
-36.921
34.4255
10.2
43.079
2
-5.574504
10.2
-40.921
34.4255
10.2
39.079
2
-5.574504
10.2
-44.921
34.4255
10.2
35.079
2
-5.574504
10.2
-48.921
34.4255
10.2
31.079
2
-5.574504
10.2
-52.921
34.4255
10.2
27.079
2
-5.574504
10.2
-56.921
34.4255
10.2
23.079
2
-5.574504
10.2
-60.921
34.4255
10.2
19.079
2
-1.574504
10.2
-24.921
38.4255
10.2
55.079
2
-1.574504
10.2
-28.921
38.4255
10.2
51.079
2
-1.574504
10.2
-32.921
38.4255
10.2
47.079
2
-1.574504
10.2
-36.921
38.4255
10.2
43.079
2
-1.574504
10.2
-40.921
38.4255
10.2
39.079
2
-1.574504
10.2
-44.921
38.4255
10.2
35.079
2
-1.574504
10.2
-48.921
38.4255
10.2
31.079
2
-1.574504
10.2
-52.921
38.4255
10.2
27.079
2
-1.574504
10.2
-56.921
38.4255
10.2
23.079
2
-1.574504
10.2
-60.921
38.4255
10.2
19.079
2
2.425496
10.2
-24.921
42.4255
10.2
55.079
2
2.425496
10.2
-28.921
42.4255
10.2
51.079
2
2.425496
10.2
-32.921
42.4255
10.2
47.079
2
2.425496
10.2
-36.921
42.4255
10.2
43.079
2
2.425496
10.2
-40.921
42.4255
10.2
39.079
2
2.425496
10.2
-44.921
42.4255
10.2
35.079
2
2.425496
10.2
-48.921
42.4255
10.2
31.079
2
2.425496
10.2
-52.921
42.4255
10.2
27.079
2
2.425496
10.2
-56.921
42.4255
10.2
23.079
2
2.425496
10.2
-60.921
42.4255
10.2
19.079
2
6.425496
10.2
-24.921
46.4255
10.2
55.079
2
6.425496
10.2
-28.921
46.4255
10.2
51.079
2
6.425496
10.2
-32.921
46.4255
10.2
47.079
2
6.425496
10.2
-36.921
46.4255
10.2
43.079
2
6.425496
10.2
-40.921
46.4255
10.2
39.079
2
6.425496
10.2
-44.921
46.4255
10.2
35.079
2
6.425496
10.2
-48.921
46.4255
10.2
31.079
2
6.425496
10.2
-52.921
46.4255
10.2
27.079
2
6.425496
10.2
-56.921
46.4255
10.2
23.079
2
6.425496
10.2
-60.921
46.4255
10.2
19.079
2
10.4255
10.2
-24.921
-29.5745
10.2
55.079
2
10.4255
10.2
-28.921
-29.5745
10.2
51.079
2
10.4255
10.2
-32.921
-29.5745
10.2
47.079
2
10.4255
10.2
-36.921
-29.5745
10.2
43.079
2
10.4255
10.2
-40.921
-29.5745
10.2
39.079
2
10.4255
10.2
-44.921
-29.5745
10.2
35.079
3
10.4255
10.2
-48.921
-5.527841
10.2
-16.25434
-29.5745
10.2
31.079
2
10.4255
10.2
-52.921
-29.5745
10.2
27.079
2
10.4255
10.2
-56.921
-29.5745
10.2
23.079
2
10.4255
10.2
-60.921
-29.5745
10.2
19.079
2
14.4255
10.2
-24.921
-25.5745
10.2
55.079
2
14.4255
10.2
-28.921
-25.5745
10.2
51.079
2
14.4255
10.2
-32.921
-25.5745
10.2
47.079
2
14.4255
10.2
-36.921
-25.5745
10.2
43.079
2
14.4255
10.2
-40.921
-25.5745
10.2
39.079
2
14.4255
10.2
-44.921
-25.5745
10.2
35.079
2
14.4255
10.2
-48.921
-25.5745
10.2
31.079
2
14.4255
10.2
-52.921
-25.5745
10.2
27.079
2
14.4255
10.2
-56.921
-25.5745
10.2
23.079
2
14.4255
10.2
-60.921
-25.5745
10.2
19.079
2
18.4255
10.2
-24.921
-21.5745
10.2
55.079
2
18.4255
10.2
-28.921
-21.5745
10.2
51.079
2
18.4255
10.2
-32.921
-21.5745
10.2
47.079
2
18.4255
10.2
-36.921
-21.5745
10.2
43.079
2
18.4255
10.2
-40.921
-21.5745
10.2
39.079
2
18.4255
10.2
-44.921
-21.5745
10.2
35.079
2
18.4255
10.2
-48.921
-21.5745
10.2
31.079
2
18.4255
10.2
-52.921
-21.5745
10.2
27.079
2
18.4255
10.2
-56.921
-21.5745
10.2
23.079
3
18.4255
10.2
-60.921
-5.527841
10.2
-16.25434
-21.5745
10.2
19.079
2
22.4255
10.2
-24.921
-17.5745
10.2
55.079
2
22.4255
10.2
-28.921
-17.5745
10.2
51.079
2
22.4255
10.2
-32.921
-17.5745
10.2
47.079
2
22.4255
10.2
-36.921
-17.5745
10.2
43.079
2
22.4255
10.2
-40.921
-17.5745
10.2
39.079
2
22.4255
10.2
-44.921
-17.5745
10.2
35.079
2
22.4255
10.2
-48.921
-17.5745
10.2
31.079
2
22.4255
10.2
-52.921
-17.5745
10.2
27.079
2
22.4255
10.2
-56.921
-17.5745
10.2
23.079
2
22.4255
10.2
-60.921
-17.5745
10.2
19.079
2
26.4255
10.2
-24.921
-13.5745
10.2
55.079
2
26.4255
10.2
-28.921
-13.5745
10.2
51.079
2
26.4255
10.2
-32.921
-13.5745
10.2
47.079
2
26.4255
10.2
-36.921
-13.5745
10.2
43.079
2
26.4255
10.2
-40.921
-13.5745
10.2
39.079
2
26.4255
10.2
-44.921
-13.5745
10.2
35.079
2
26.4255
10.2
-48.921
-13.5745
10.2
31.079
2
26.4255
10.2
-52.921
-13.5745
10.2
27.079
2
26.4255
10.2
-56.921
-13.5745
10.2
23.079
2
26.4255
10.2
-60.921
-13.5745
10.2
19.079
2
30.4255
10.2
-24.921
-9.5745
10.2
55.079
2
30.4255
10.2
-28.921
-9.5745
10.2
51.079
2
30.4255
10.2
-32.921
-9.5745
10.2
47.079
2
30.4255
10.2
-36.921
-9.5745
10.2
43.079
2
30.4255
10.2
-40.921
-9.5745
10.2
39.079
2
30.4255
10.2
-44.921
-9.5745
10.2
35.079
2
30.4255
10.2
-48.921
-9.5745
10.2
31.079
2
30.4255
10.2
-52.921
-9.5745
10.2
27.079
2
30.4255
10.2
-56.921
-9.5745
10.2
23.079
2
30.4255
10.2
-60.921
-9.5745
10.2
19.079
3
34.4255
10.2
-24.921
-5.527841
10.2
50.41233
-5.574504
10.2
55.079
3
34.4255
10.2
-28.921
-5.527841
10.2
50.41233
-5.574504
10.2
51.079
2
34.4255
10.2
-32.921
-5.574504
10.2
47.079
2
34.4255
10.2
-36.921
-5.574504
10.2
43.079
2
34.4255
10.2
-40.921
-5.574504
10.2
39.079
2
34.4255
10.2
-44.921
-5.574504
10.2
35.079
2
34.4255
10.2
-48.921
-5.574504
10.2
31.079
2
34.4255
10.2
-52.921
-5.574504
10.2
27.079
2
34.4255
10.2
-56.921
-5.574504
10.2
23.079
2
34.4255
10.2
-60.921
-5.574504
10.2
19.079
2
38.4255
10.2
-24.921
-1.574504
10.2
55.079
2
38.4255
10.2
-28.921
-1.574504
10.2
51.079
2
38.4255
10.2
-32.921
-1.574504
10.2
47.079
2
38.4255
10.2
-36.921
-1.574504
10.2
43.079
2
38.4255
10.2
-40.921
-1.574504
10.2
39.079
2
38.4255
10.2
-44.921
-1.574504
10.2
35.079
2
38.4255
10.2
-48.921
-1.574504
10.2
31.079
2
38.4255
10.2
-52.921
-1.574504
10.2
27.079
2
38.4255
10.2
-56.921
-1.574504
10.2
23.079
2
38.4255
10.2
-60.921
-1.574504
10.2
19.079
2
42.4255
10.2
-24.921
2.425496
10.2
55.079
2
42.4255
10.2
-28.921
2.425496
10.2
51.079
2
42.4255
10.2
-32.921
2.425496
10.2
47.079
2
42.4255
10.2
-36.921
2.425496
10.2
43.079
2
42.4255
10.2
-40.921
2.425496
10.2
39.079
2
42.4255
10.2
-44.921
2.425496
10.2
35.079
2
42.4255
10.2
-48.921
2.425496
10.2
31.079
2
42.4255
10.2
-52.921
2.425496
10.2
27.079
2
42.4255
10.2
-56.921
2.425496
10.2
23.079
2
42.4255
10.2
-60.921
2.425496
10.2
19.079
2
46.4255
10.2
-24.921
6.425496
10.2
55.079
2
46.4255
10.2
-28.921
6.425496
10.2
51.079
2
46.4255
10.2
-32.921
6.425496
10.2
47.079
2
46.4255
10.2
-36.921
6.425496
10.2
43.079
2
46.4255
10.2
-40.921
6.425496
10.2
39.079
2
46.4255
10.2
-44.921
6.425496
10.2
35.079
2
46.4255
10.2
-48.921
6.425496
10.2
31.079
2
46.4255
10.2
-52.921
6.425496
10.2
27.079
2
46.4255
10.2
-56.921
6.425496
10.2
23.079
2
46.4255
10.2
-60.921
6.425496
10.2
19.079
