0.0165668
200
0
-29.5745
10
-24.921
0
0
0
1
-29.5745
10
-28.921
0
0
0
2
-29.5745
10
-32.921
0
0
0
3
-29.5745
10
-36.921
0
0
0
4
-29.5745
10
-40.921
0
0
0
5
-29.5745
10
-44.921
0
0
0
6
-29.5745
10
-48.921
0
0
0
7
-29.5745
10
-52.921
0
0
0
8
-29.5745
10
-56.921
0
0
0
9
-29.5745
10
-60.921
0
0
0
10
-25.5745
10
-24.921
0
0
0
11
-25.5745
10
-28.921
0
0
0
12
-25.5745
10
-32.921
0
0
0
13
-25.5745
10
-36.921
0
0
0
14
-25.5745
10
-40.921
0
0
0
15
-25.5745
10
-44.921
0
0
0
16
-25.5745
10
-48.921
0
0
0
17
-25.5745
10
-52.921
0
0
0
18
-25.5745
10
-56.921
0
0
0
19
-25.5745
10
-60.921
0
0
0
20
-21.5745
10
-24.921
0
0
0
21
-21.5745
10
-28.921
0
0
0
22
-21.5745
10
-32.921
0
0
0
23
-21.5745
10
-36.921
0
0
0
24
-21.5745
10
-40.921
0
0
0
25
-21.5745
10
-44.921
0
0
0
26
-21.5745
10
-48.921
0
0
0
27
-21.5745
10
-52.921
0
0
0
28
-21.5745
10
-56.921
0
0
0
29
-21.5745
10
-60.921
0
0
0
30
-17.5745
10
-24.921
0
0
0
31
-17.5745
10
-28.921
0
0
0
32
-17.5745
10
-32.921
0
0
0
33
-17.5745
10
-36.921
0
0
0
34
-17.5745
10
-40.921
0
0
0
35
-17.5745
10
-44.921
0
0
0
36
-17.5745
10
-48.921
0
0
0
37
-17.5745
10
-52.921
0
0
0
38
-17.5745
10
-56.921
0
0
0
39
-17.5745
10
-60.921
0
0
0
40
-13.5745
10
-24.921
0
0
0
41
-13.5745
10
-28.921
0
0
0
42
-13.5745
10
-32.921
0
0
0
43
-13.5745
10
-36.921
0
0
0
44
-13.5745
10
-40.921
0
0
0
45
-13.5745
10
-44.921
0
0
0
46
-13.5745
10
-48.921
0
0
0
47
-13.5745
10
-52.921
0
0
0
48
-13.5745
10
-56.921
0
0
0
49
-13.5745
10
-60.921
0
0
0
50
-9.5745
10
-24.921
0
0
0
51
-9.5745
10
-28.921
0
0
0
52
-9.5745
10
-32.921
0
0
0
53
-9.5745
10
-36.921
0
0
0
54
-9.5745
10
-40.921
0
0
0
55
-9.5745
10
-44.921
0
0
0
56
-9.5745
10
-48.921
0
0
0
57
-9.5745
10
-52.921
0
0
0
58
-9.5745
10
-56.921
0
0
0
59
-9.5745
10
-60.921
0
0
0
60
-5.574504
10
-24.921
0
0
0
61
-5.574504
10
-28.921
0
0
0
62
-5.574504
10
-32.921
0
0
0
63
-5.574504
10
-36.921
0
0
0
64
-5.574504
10
-40.921
0
0
0
65
-5.574504
10
-44.921
0
0
0
66
-5.574504
10
-48.921
0
0
0
67
-5.574504
10
-52.921
0
0
0
68
-5.574504
10
-56.921
0
0
0
69
-5.574504
10
-60.921
0
0
0
70
-1.574504
10
-24.921
0
0
0
71
-1.574504
10
-28.921
0
0
0
72
-1.574504
10
-32.921
0
0
0
73
-1.574504
10
-36.921
0
0
0
74
-1.574504
10
-40.921
0
0
0
75
-1.574504
10
-44.921
0
0
0
76
-1.574504
10
-48.921
0
0
0
77
-1.574504
10
-52.921
0
0
0
78
-1.574504
10
-56.921
0
0
0
79
-1.574504
10
-60.921
0
0
0
80
2.425496
10
-24.921
0
0
0
81
2.425496
10
-28.921
0
0
0
82
2.425496
10
-32.921
0
0
0
83
2.425496
10
-36.921
0
0
0
84
2.425496
10
-40.921
0
0
0
85
2.425496
10
-44.921
0
0
0
86
2.425496
10
-48.921
0
0
0
87
2.425496
10
-52.921
0
0
0
88
2.425496
10
-56.921
0
0
0
89
2.425496
10
-60.921
0
0
0
90
6.425496
10
-24.921
0
0
0
91
6.425496
10
-28.921
0
0
0
92
6.425496
10
-32.921
0
0
0
93
6.425496
10
-36.921
0
0
0
94
6.425496
10
-40.921
0
0
0
95
6.425496
10
-44.921
0
0
0
96
6.425496
10
-48.921
0
0
0
97
6.425496
10
-52.921
0
0
0
98
6.425496
10
-56.921
0
0
0
99
6.425496
10
-60.921
0
0
0
100
10.4255
10
-24.921
0
0
0
101
10.4255
10
-28.921
0
0
0
102
10.4255
10
-32.921
0
0
0
103
10.4255
10
-36.921
0
0
0
104
10.4255
10
-40.921
0
0
0
105
10.4255
10
-44.921
0
0
0
106
10.4255
10
-48.921
0
0
0
107
10.4255
10
-52.921
0
0
0
108
10.4255
10
-56.921
0
0
0
109
10.4255
10
-60.921
0
0
0
110
14.4255
10
-24.921
0
0
0
111
14.4255
10
-28.921
0
0
0
112
14.4255
10
-32.921
0
0
0
113
14.4255
10
-36.921
0
0
0
114
14.4255
10
-40.921
0
0
0
115
14.4255
10
-44.921
0
0
0
116
14.4255
10
-48.921
0
0
0
117
14.4255
10
-52.921
0
0
0
118
14.4255
10
-56.921
0
0
0
119
14.4255
10
-60.921
0
0
0
120
18.4255
10
-24.921
0
0
0
121
18.4255
10
-28.921
0
0
0
122
18.4255
10
-32.921
0
0
0
123
18.4255
10
-36.921
0
0
0
124
18.4255
10
-40.921
0
0
0
125
18.4255
10
-44.921
0
0
0
126
18.4255
10
-48.921
0
0
0
127
18.4255
10
-52.921
0
0
0
128
18.4255
10
-56.921
0
0
0
129
18.4255
10
-60.921
0
0
0
130
22.4255
10
-24.921
0
0
0
131
22.4255
10
-28.921
0
0
0
132
22.4255
10
-32.921
0
0
0
133
22.4255
10
-36.921
0
0
0
134
22.4255
10
-40.921
0
0
0
135
22.4255
10
-44.921
0
0
0
136
22.4255
10
-48.921
0
0
0
137
22.4255
10
-52.921
0
0
0
138
22.4255
10
-56.921
0
0
0
139
22.4255
10
-60.921
0
0
0
140
26.4255
10
-24.921
0
0
0
141
26.4255
10
-28.921
0
0
0
142
26.4255
10
-32.921
0
0
0
143
26.4255
10
-36.921
0
0
0
144
26.4255
10
-40.921
0
0
0
145
26.4255
10
-44.921
0
0
0
146
26.4255
10
-48.921
0
0
0
147
26.4255
10
-52.921
0
0
0
148
26.4255
10
-56.921
0
0
0
149
26.4255
10
-60.921
0
0
0
150
30.4255
10
-24.921
0
0
0
151
30.4255
10
-28.921
0
0
0
152
30.4255
10
-32.921
0
0
0
153
30.4255
10
-36.921
0
0
0
154
30.4255
10
-40.921
0
0
0
155
30.4255
10
-44.921
0
0
0
156
30.4255
10
-48.921
0
0
0
157
30.4255
10
-52.921
0
0
0
158
30.4255
10
-56.921
0
0
0
159
30.4255
10
-60.921
0
0
0
160
34.4255
10
-24.921
0
0
0
161
34.4255
10
-28.921
0
0
0
162
34.4255
10
-32.921
0
0
0
163
34.4255
10
-36.921
0
0
0
164
34.4255
10
-40.921
0
0
0
165
34.4255
10
-44.921
0
0
0
166
34.4255
10
-48.921
0
0
0
167
34.4255
10
-52.921
0
0
0
168
34.4255
10
-56.921
0
0
0
169
34.4255
10
-60.921
0
0
0
170
38.4255
10
-24.921
0
0
0
171
38.4255
10
-28.921
0
0
0
172
38.4255
10
-32.921
0
0
0
173
38.4255
10
-36.921
0
0
0
174
38.4255
10
-40.921
0
0
0
175
38.4255
10
-44.921
0
0
0
176
38.4255
10
-48.921
0
0
0
177
38.4255
10
-52.921
0
0
0
178
38.4255
10
-56.921
0
0
0
179
38.4255
10
-60.921
0
0
0
180
42.4255
10
-24.921
0
0
0
181
42.4255
10
-28.921
0
0
0
182
42.4255
10
-32.921
0
0
0
183
42.4255
10
-36.921
0
0
0
184
42.4255
10
-40.921
0
0
0
185
42.4255
10
-44.921
0
0
0
186
42.4255
10
-48.921
0
0
0
187
42.4255
10
-52.921
0
0
0
188
42.4255
10
-56.921
0
0
0
189
42.4255
10
-60.921
0
0
0
190
46.4255
10
-24.921
0
0
0
191
46.4255
10
-28.921
0
0
0
192
46.4255
10
-32.921
0
0
0
193
46.4255
10
-36.921
0
0
0
194
46.4255
10
-40.921
0
0
0
195
46.4255
10
-44.921
0
0
0
196
46.4255
10
-48.921
0
0
0
197
46.4255
10
-52.921
0
0
0
198
46.4255
10
-56.921
0
0
0
199
46.4255
10
-60.921
0
0
0
