4
-70
0.4804083
-70
20.14581
0.4804083
-24.16667
22.64581
0.4804083
-21.66667
50
0.4804083
50
4
-70
0.4804083
-68
20.14581
0.4804083
-24.16667
22.64581
0.4804083
-21.66667
50
0.4804083
52
4
-70
0.4804083
-66
20.14581
0.4804083
-24.16667
22.64581
0.4804083
-21.66667
50
0.4804083
54
4
-70
0.4804083
-64
20.14581
0.4804083
-24.16667
22.64581
0.4804083
-21.66667
50
0.4804083
56
4
-70
0.4804083
-62
-35.68752
0.4804083
27.49999
-29.02085
0.4804083
35.83332
50
0.4804083
58
4
-70
0.4804083
-60
-35.68752
0.4804083
27.49999
-29.02085
0.4804083
35.83332
50
0.4804083
60
4
-70
0.4804083
-58
-35.68752
0.4804083
27.49999
-29.02085
0.4804083
35.83332
50
0.4804083
62
4
-70
0.4804083
-56
-35.68752
0.4804083
27.49999
-29.02085
0.4804083
35.83332
50
0.4804083
64
4
-70
0.4804083
-54
-35.68752
0.4804083
27.49999
-29.02085
0.4804083
35.83332
50
0.4804083
66
4
-70
0.4804083
-52
-35.68752
0.4804083
27.49999
-29.02085
0.4804083
35.83332
50
0.4804083
68
4
-68
0.4804083
-70
20.14581
0.4804083
-24.16667
22.64581
0.4804083
-21.66667
52
0.4804083
50
4
-68
0.4804083
-68
20.14581
0.4804083
-24.16667
22.64581
0.4804083
-21.66667
52
0.4804083
52
4
-68
0.4804083
-66
20.14581
0.4804083
-24.16667
22.64581
0.4804083
-21.66667
52
0.4804083
54
4
-68
0.4804083
-64
20.14581
0.4804083
-24.16667
22.64581
0.4804083
-21.66667
52
0.4804083
56
4
-68
0.4804083
-62
20.14581
0.4804083
-24.16667
22.64581
0.4804083
-21.66667
52
0.4804083
58
4
-68
0.4804083
-60
-35.68752
0.4804083
27.49999
-29.02085
0.4804083
35.83332
52
0.4804083
60
4
-68
0.4804083
-58
-35.68752
0.4804083
27.49999
-29.02085
0.4804083
35.83332
52
0.4804083
62
4
-68
0.4804083
-56
-35.68752
0.4804083
27.49999
-29.02085
0.4804083
35.83332
52
0.4804083
64
4
-68
0.4804083
-54
-35.68752
0.4804083
27.49999
-29.02085
0.4804083
35.83332
52
0.4804083
66
4
-68
0.4804083
-52
-35.68752
0.4804083
27.49999
-29.02085
0.4804083
35.83332
52
0.4804083
68
4
-66
0.4804083
-70
20.14581
0.4804083
-24.16667
22.64581
0.4804083
-21.66667
54
0.4804083
50
4
-66
0.4804083
-68
20.14581
0.4804083
-24.16667
22.64581
0.4804083
-21.66667
54
0.4804083
52
4
-66
0.4804083
-66
20.14581
0.4804083
-24.16667
22.64581
0.4804083
-21.66667
54
0.4804083
54
4
-66
0.4804083
-64
20.14581
0.4804083
-24.16667
22.64581
0.4804083
-21.66667
54
0.4804083
56
4
-66
0.4804083
-62
20.14581
0.4804083
-24.16667
22.64581
0.4804083
-21.66667
54
0.4804083
58
4
-66
0.4804083
-60
20.14581
0.4804083
-24.16667
22.64581
0.4804083
-21.66667
54
0.4804083
60
4
-66
0.4804083
-58
-35.68752
0.4804083
27.49999
-29.02085
0.4804083
35.83332
54
0.4804083
62
4
-66
0.4804083
-56
-35.68752
0.4804083
27.49999
-29.02085
0.4804083
35.83332
54
0.4804083
64
4
-66
0.4804083
-54
-35.68752
0.4804083
27.49999
-29.02085
0.4804083
35.83332
54
0.4804083
66
4
-66
0.4804083
-52
-35.68752
0.4804083
27.49999
-29.02085
0.4804083
35.83332
54
0.4804083
68
4
-64
0.4804083
-70
20.14581
0.4804083
-24.16667
22.64581
0.4804083
-21.66667
56
0.4804083
50
4
-64
0.4804083
-68
20.14581
0.4804083
-24.16667
22.64581
0.4804083
-21.66667
56
0.4804083
52
4
-64
0.4804083
-66
20.14581
0.4804083
-24.16667
22.64581
0.4804083
-21.66667
56
0.4804083
54
4
-64
0.4804083
-64
20.14581
0.4804083
-24.16667
22.64581
0.4804083
-21.66667
56
0.4804083
56
4
-64
0.4804083
-62
20.14581
0.4804083
-24.16667
22.64581
0.4804083
-21.66667
56
0.4804083
58
4
-64
0.4804083
-60
20.14581
0.4804083
-24.16667
22.64581
0.4804083
-21.66667
56
0.4804083
60
4
-64
0.4804083
-58
20.14581
0.4804083
-24.16667
22.64581
0.4804083
-21.66667
56
0.4804083
62
4
-64
0.4804083
-56
-35.68752
0.4804083
27.49999
-29.02085
0.4804083
35.83332
56
0.4804083
64
4
-64
0.4804083
-54
-35.68752
0.4804083
27.49999
-29.02085
0.4804083
35.83332
56
0.4804083
66
4
-64
0.4804083
-52
-35.68752
0.4804083
27.49999
-29.02085
0.4804083
35.83332
56
0.4804083
68
4
-62
0.4804083
-70
20.14581
0.4804083
-24.16667
22.64581
0.4804083
-21.66667
58
0.4804083
50
4
-62
0.4804083
-68
20.14581
0.4804083
-24.16667
22.64581
0.4804083
-21.66667
58
0.4804083
52
4
-62
0.4804083
-66
20.14581
0.4804083
-24.16667
22.64581
0.4804083
-21.66667
58
0.4804083
54
4
-62
0.4804083
-64
20.14581
0.4804083
-24.16667
22.64581
0.4804083
-21.66667
58
0.4804083
56
4
-62
0.4804083
-62
20.14581
0.4804083
-24.16667
22.64581
0.4804083
-21.66667
58
0.4804083
58
4
-62
0.4804083
-60
20.14581
0.4804083
-24.16667
22.64581
0.4804083
-21.66667
58
0.4804083
60
4
-62
0.4804083
-58
20.14581
0.4804083
-24.16667
22.64581
0.4804083
-21.66667
58
0.4804083
62
4
-62
0.4804083
-56
20.14581
0.4804083
-24.16667
22.64581
0.4804083
-21.66667
58
0.4804083
64
4
-62
0.4804083
-54
-35.68752
0.4804083
27.49999
-29.02085
0.4804083
35.83332
58
0.4804083
66
4
-62
0.4804083
-52
-35.68752
0.4804083
27.49999
-29.02085
0.4804083
35.83332
58
0.4804083
68
4
-60
0.4804083
-70
20.14581
0.4804083
-24.16667
22.64581
0.4804083
-21.66667
60
0.4804083
50
4
-60
0.4804083
-68
20.14581
0.4804083
-24.16667
22.64581
0.4804083
-21.66667
60
0.4804083
52
4
-60
0.4804083
-66
20.14581
0.4804083
-24.16667
22.64581
0.4804083
-21.66667
60
0.4804083
54
4
-60
0.4804083
-64
20.14581
0.4804083
-24.16667
22.64581
0.4804083
-21.66667
60
0.4804083
56
4
-60
0.4804083
-62
20.14581
0.4804083
-24.16667
22.64581
0.4804083
-21.66667
60
0.4804083
58
4
-60
0.4804083
-60
20.14581
0.4804083
-24.16667
22.64581
0.4804083
-21.66667
60
0.4804083
60
4
-60
0.4804083
-58
20.14581
0.4804083
-24.16667
22.64581
0.4804083
-21.66667
60
0.4804083
62
4
-60
0.4804083
-56
20.14581
0.4804083
-24.16667
22.64581
0.4804083
-21.66667
60
0.4804083
64
4
-60
0.4804083
-54
-35.68752
0.4804083
27.49999
-29.02085
0.4804083
35.83332
60
0.4804083
66
4
-60
0.4804083
-52
-35.68752
0.4804083
27.49999
-29.02085
0.4804083
35.83332
60
0.4804083
68
4
-58
0.4804083
-70
20.14581
0.4804083
-24.16667
22.64581
0.4804083
-21.66667
62
0.4804083
50
4
-58
0.4804083
-68
20.14581
0.4804083
-24.16667
22.64581
0.4804083
-21.66667
62
0.4804083
52
4
-58
0.4804083
-66
20.14581
0.4804083
-24.16667
22.64581
0.4804083
-21.66667
62
0.4804083
54
4
-58
0.4804083
-64
20.14581
0.4804083
-24.16667
22.64581
0.4804083
-21.66667
62
0.4804083
56
4
-58
0.4804083
-62
20.14581
0.4804083
-24.16667
22.64581
0.4804083
-21.66667
62
0.4804083
58
4
-58
0.4804083
-60
20.14581
0.4804083
-24.16667
22.64581
0.4804083
-21.66667
62
0.4804083
60
4
-58
0.4804083
-58
20.14581
0.4804083
-24.16667
22.64581
0.4804083
-21.66667
62
0.4804083
62
4
-58
0.4804083
-56
20.14581
0.4804083
-24.16667
22.64581
0.4804083
-21.66667
62
0.4804083
64
4
-58
0.4804083
-54
20.14581
0.4804083
-24.16667
22.64581
0.4804083
-21.66667
62
0.4804083
66
4
-58
0.4804083
-52
-35.68752
0.4804083
27.49999
-29.02085
0.4804083
35.83332
62
0.4804083
68
4
-56
0.4804083
-70
20.14581
0.4804083
-24.16667
22.64581
0.4804083
-21.66667
64
0.4804083
50
4
-56
0.4804083
-68
20.14581
0.4804083
-24.16667
22.64581
0.4804083
-21.66667
64
0.4804083
52
4
-56
0.4804083
-66
20.14581
0.4804083
-24.16667
22.64581
0.4804083
-21.66667
64
0.4804083
54
4
-56
0.4804083
-64
20.14581
0.4804083
-24.16667
22.64581
0.4804083
-21.66667
64
0.4804083
56
4
-56
0.4804083
-62
20.14581
0.4804083
-24.16667
22.64581
0.4804083
-21.66667
64
0.4804083
58
4
-56
0.4804083
-60
20.14581
0.4804083
-24.16667
22.64581
0.4804083
-21.66667
64
0.4804083
60
4
-56
0.4804083
-58
20.14581
0.4804083
-24.16667
22.64581
0.4804083
-21.66667
64
0.4804083
62
4
-56
0.4804083
-56
20.14581
0.4804083
-24.16667
22.64581
0.4804083
-21.66667
64
0.4804083
64
4
-56
0.4804083
-54
20.14581
0.4804083
-24.16667
22.64581
0.4804083
-21.66667
64
0.4804083
66
4
-56
0.4804083
-52
20.14581
0.4804083
-24.16667
22.64581
0.4804083
-21.66667
64
0.4804083
68
4
-54
0.4804083
-70
20.14581
0.4804083
-24.16667
22.64581
0.4804083
-21.66667
66
0.4804083
50
4
-54
0.4804083
-68
20.14581
0.4804083
-24.16667
22.64581
0.4804083
-21.66667
66
0.4804083
52
4
-54
0.4804083
-66
20.14581
0.4804083
-24.16667
22.64581
0.4804083
-21.66667
66
0.4804083
54
4
-54
0.4804083
-64
20.14581
0.4804083
-24.16667
22.64581
0.4804083
-21.66667
66
0.4804083
56
4
-54
0.4804083
-62
20.14581
0.4804083
-24.16667
22.64581
0.4804083
-21.66667
66
0.4804083
58
4
-54
0.4804083
-60
20.14581
0.4804083
-24.16667
22.64581
0.4804083
-21.66667
66
0.4804083
60
4
-54
0.4804083
-58
20.14581
0.4804083
-24.16667
22.64581
0.4804083
-21.66667
66
0.4804083
62
4
-54
0.4804083
-56
20.14581
0.4804083
-24.16667
22.64581
0.4804083
-21.66667
66
0.4804083
64
4
-54
0.4804083
-54
20.14581
0.4804083
-24.16667
22.64581
0.4804083
-21.66667
66
0.4804083
66
4
-54
0.4804083
-52
20.14581
0.4804083
-24.16667
22.64581
0.4804083
-21.66667
66
0.4804083
68
4
-52
0.4804083
-70
20.14581
0.4804083
-24.16667
22.64581
0.4804083
-21.66667
68
0.4804083
50
4
-52
0.4804083
-68
20.14581
0.4804083
-24.16667
22.64581
0.4804083
-21.66667
68
0.4804083
52
4
-52
0.4804083
-66
20.14581
0.4804083
-24.16667
22.64581
0.4804083
-21.66667
68
0.4804083
54
4
-52
0.4804083
-64
20.14581
0.4804083
-24.16667
22.64581
0.4804083
-21.66667
68
0.4804083
56
4
-52
0.4804083
-62
20.14581
0.4804083
-24.16667
22.64581
0.4804083
-21.66667
68
0.4804083
58
4
-52
0.4804083
-60
20.14581
0.4804083
-24.16667
22.64581
0.4804083
-21.66667
68
0.4804083
60
4
-52
0.4804083
-58
20.14581
0.4804083
-24.16667
22.64581
0.4804083
-21.66667
68
0.4804083
62
4
-52
0.4804083
-56
20.14581
0.4804083
-24.16667
22.64581
0.4804083
-21.66667
68
0.4804083
64
4
-52
0.4804083
-54
20.14581
0.4804083
-24.16667
22.64581
0.4804083
-21.66667
68
0.4804083
66
4
-52
0.4804083
-52
20.14581
0.4804083
-24.16667
22.64581
0.4804083
-21.66667
68
0.4804083
68
7
50
0.4804083
50
33.47914
0.4804083
14.16666
26.81248
0.4804083
7.499991
-13.18752
0.4804083
4.166658
-19.85419
0.4804083
2.499992
-23.18752
0.4804083
-0.8333409
-70
0.4804083
-70
7
50
0.4804083
52
33.47914
0.4804083
14.16666
26.81248
0.4804083
7.499991
-13.18752
0.4804083
4.166658
-19.85419
0.4804083
2.499992
-23.18752
0.4804083
-0.8333409
-70
0.4804083
-68
7
50
0.4804083
54
33.47914
0.4804083
14.16666
26.81248
0.4804083
7.499991
-13.18752
0.4804083
4.166658
-19.85419
0.4804083
2.499992
-23.18752
0.4804083
-0.8333409
-70
0.4804083
-66
4
50
0.4804083
56
-29.02085
0.4804083
35.83332
-35.68752
0.4804083
27.49999
-70
0.4804083
-64
4
50
0.4804083
58
-29.02085
0.4804083
35.83332
-35.68752
0.4804083
27.49999
-70
0.4804083
-62
4
50
0.4804083
60
-29.02085
0.4804083
35.83332
-35.68752
0.4804083
27.49999
-70
0.4804083
-60
4
50
0.4804083
62
-29.02085
0.4804083
35.83332
-35.68752
0.4804083
27.49999
-70
0.4804083
-58
4
50
0.4804083
64
-29.02085
0.4804083
35.83332
-35.68752
0.4804083
27.49999
-70
0.4804083
-56
4
50
0.4804083
66
-29.02085
0.4804083
35.83332
-35.68752
0.4804083
27.49999
-70
0.4804083
-54
4
50
0.4804083
68
-29.02085
0.4804083
35.83332
-35.68752
0.4804083
27.49999
-70
0.4804083
-52
4
52
0.4804083
50
22.64581
0.4804083
-21.66667
20.14581
0.4804083
-24.16667
-68
0.4804083
-70
7
52
0.4804083
52
33.47914
0.4804083
14.16666
26.81248
0.4804083
7.499991
-13.18752
0.4804083
4.166658
-19.85419
0.4804083
2.499992
-23.18752
0.4804083
-0.8333409
-68
0.4804083
-68
7
52
0.4804083
54
33.47914
0.4804083
14.16666
26.81248
0.4804083
7.499991
-13.18752
0.4804083
4.166658
-19.85419
0.4804083
2.499992
-23.18752
0.4804083
-0.8333409
-68
0.4804083
-66
4
52
0.4804083
56
22.64581
0.4804083
-21.66667
20.14581
0.4804083
-24.16667
-68
0.4804083
-64
4
52
0.4804083
58
-29.02085
0.4804083
35.83332
-35.68752
0.4804083
27.49999
-68
0.4804083
-62
4
52
0.4804083
60
-29.02085
0.4804083
35.83332
-35.68752
0.4804083
27.49999
-68
0.4804083
-60
4
52
0.4804083
62
-29.02085
0.4804083
35.83332
-35.68752
0.4804083
27.49999
-68
0.4804083
-58
4
52
0.4804083
64
-29.02085
0.4804083
35.83332
-35.68752
0.4804083
27.49999
-68
0.4804083
-56
4
52
0.4804083
66
-29.02085
0.4804083
35.83332
-35.68752
0.4804083
27.49999
-68
0.4804083
-54
4
52
0.4804083
68
-29.02085
0.4804083
35.83332
-35.68752
0.4804083
27.49999
-68
0.4804083
-52
4
54
0.4804083
50
22.64581
0.4804083
-21.66667
20.14581
0.4804083
-24.16667
-66
0.4804083
-70
4
54
0.4804083
52
22.64581
0.4804083
-21.66667
20.14581
0.4804083
-24.16667
-66
0.4804083
-68
7
54
0.4804083
54
33.47914
0.4804083
14.16666
26.81248
0.4804083
7.499991
-13.18752
0.4804083
4.166658
-19.85419
0.4804083
2.499992
-23.18752
0.4804083
-0.8333409
-66
0.4804083
-66
7
54
0.4804083
56
33.47914
0.4804083
14.16666
26.81248
0.4804083
7.499991
-13.18752
0.4804083
4.166658
-19.85419
0.4804083
2.499992
-23.18752
0.4804083
-0.8333409
-66
0.4804083
-64
4
54
0.4804083
58
22.64581
0.4804083
-21.66667
20.14581
0.4804083
-24.16667
-66
0.4804083
-62
4
54
0.4804083
60
-29.02085
0.4804083
35.83332
-35.68752
0.4804083
27.49999
-66
0.4804083
-60
4
54
0.4804083
62
-29.02085
0.4804083
35.83332
-35.68752
0.4804083
27.49999
-66
0.4804083
-58
4
54
0.4804083
64
-29.02085
0.4804083
35.83332
-35.68752
0.4804083
27.49999
-66
0.4804083
-56
4
54
0.4804083
66
-29.02085
0.4804083
35.83332
-35.68752
0.4804083
27.49999
-66
0.4804083
-54
4
54
0.4804083
68
-29.02085
0.4804083
35.83332
-35.68752
0.4804083
27.49999
-66
0.4804083
-52
4
56
0.4804083
50
22.64581
0.4804083
-21.66667
20.14581
0.4804083
-24.16667
-64
0.4804083
-70
4
56
0.4804083
52
22.64581
0.4804083
-21.66667
20.14581
0.4804083
-24.16667
-64
0.4804083
-68
4
56
0.4804083
54
22.64581
0.4804083
-21.66667
20.14581
0.4804083
-24.16667
-64
0.4804083
-66
7
56
0.4804083
56
33.47914
0.4804083
14.16666
26.81248
0.4804083
7.499991
-13.18752
0.4804083
4.166658
-19.85419
0.4804083
2.499992
-23.18752
0.4804083
-0.8333409
-64
0.4804083
-64
7
56
0.4804083
58
33.47914
0.4804083
14.16666
26.81248
0.4804083
7.499991
-13.18752
0.4804083
4.166658
-19.85419
0.4804083
2.499992
-23.18752
0.4804083
-0.8333409
-64
0.4804083
-62
4
56
0.4804083
60
-29.02085
0.4804083
35.83332
-35.68752
0.4804083
27.49999
-64
0.4804083
-60
4
56
0.4804083
62
-29.02085
0.4804083
35.83332
-35.68752
0.4804083
27.49999
-64
0.4804083
-58
4
56
0.4804083
64
-29.02085
0.4804083
35.83332
-35.68752
0.4804083
27.49999
-64
0.4804083
-56
4
56
0.4804083
66
-29.02085
0.4804083
35.83332
-35.68752
0.4804083
27.49999
-64
0.4804083
-54
4
56
0.4804083
68
-29.02085
0.4804083
35.83332
-35.68752
0.4804083
27.49999
-64
0.4804083
-52
4
58
0.4804083
50
22.64581
0.4804083
-21.66667
20.14581
0.4804083
-24.16667
-62
0.4804083
-70
4
58
0.4804083
52
22.64581
0.4804083
-21.66667
20.14581
0.4804083
-24.16667
-62
0.4804083
-68
4
58
0.4804083
54
22.64581
0.4804083
-21.66667
20.14581
0.4804083
-24.16667
-62
0.4804083
-66
4
58
0.4804083
56
22.64581
0.4804083
-21.66667
20.14581
0.4804083
-24.16667
-62
0.4804083
-64
7
58
0.4804083
58
33.47914
0.4804083
14.16666
26.81248
0.4804083
7.499991
-13.18752
0.4804083
4.166658
-19.85419
0.4804083
2.499992
-23.18752
0.4804083
-0.8333409
-62
0.4804083
-62
4
58
0.4804083
60
22.64581
0.4804083
-21.66667
20.14581
0.4804083
-24.16667
-62
0.4804083
-60
4
58
0.4804083
62
-29.02085
0.4804083
35.83332
-35.68752
0.4804083
27.49999
-62
0.4804083
-58
4
58
0.4804083
64
-29.02085
0.4804083
35.83332
-35.68752
0.4804083
27.49999
-62
0.4804083
-56
4
58
0.4804083
66
-29.02085
0.4804083
35.83332
-35.68752
0.4804083
27.49999
-62
0.4804083
-54
4
58
0.4804083
68
-29.02085
0.4804083
35.83332
-35.68752
0.4804083
27.49999
-62
0.4804083
-52
4
60
0.4804083
50
22.64581
0.4804083
-21.66667
20.14581
0.4804083
-24.16667
-60
0.4804083
-70
4
60
0.4804083
52
22.64581
0.4804083
-21.66667
20.14581
0.4804083
-24.16667
-60
0.4804083
-68
4
60
0.4804083
54
22.64581
0.4804083
-21.66667
20.14581
0.4804083
-24.16667
-60
0.4804083
-66
4
60
0.4804083
56
22.64581
0.4804083
-21.66667
20.14581
0.4804083
-24.16667
-60
0.4804083
-64
4
60
0.4804083
58
22.64581
0.4804083
-21.66667
20.14581
0.4804083
-24.16667
-60
0.4804083
-62
7
60
0.4804083
60
33.47914
0.4804083
14.16666
26.81248
0.4804083
7.499991
-13.18752
0.4804083
4.166658
-19.85419
0.4804083
2.499992
-23.18752
0.4804083
-0.8333409
-60
0.4804083
-60
4
60
0.4804083
62
-29.02085
0.4804083
35.83332
-35.68752
0.4804083
27.49999
-60
0.4804083
-58
4
60
0.4804083
64
-29.02085
0.4804083
35.83332
-35.68752
0.4804083
27.49999
-60
0.4804083
-56
4
60
0.4804083
66
-29.02085
0.4804083
35.83332
-35.68752
0.4804083
27.49999
-60
0.4804083
-54
4
60
0.4804083
68
-29.02085
0.4804083
35.83332
-35.68752
0.4804083
27.49999
-60
0.4804083
-52
4
62
0.4804083
50
22.64581
0.4804083
-21.66667
20.14581
0.4804083
-24.16667
-58
0.4804083
-70
4
62
0.4804083
52
22.64581
0.4804083
-21.66667
20.14581
0.4804083
-24.16667
-58
0.4804083
-68
4
62
0.4804083
54
22.64581
0.4804083
-21.66667
20.14581
0.4804083
-24.16667
-58
0.4804083
-66
4
62
0.4804083
56
22.64581
0.4804083
-21.66667
20.14581
0.4804083
-24.16667
-58
0.4804083
-64
4
62
0.4804083
58
22.64581
0.4804083
-21.66667
20.14581
0.4804083
-24.16667
-58
0.4804083
-62
4
62
0.4804083
60
22.64581
0.4804083
-21.66667
20.14581
0.4804083
-24.16667
-58
0.4804083
-60
4
62
0.4804083
62
-29.02085
0.4804083
35.83332
-35.68752
0.4804083
27.49999
-58
0.4804083
-58
4
62
0.4804083
64
-29.02085
0.4804083
35.83332
-35.68752
0.4804083
27.49999
-58
0.4804083
-56
4
62
0.4804083
66
-29.02085
0.4804083
35.83332
-35.68752
0.4804083
27.49999
-58
0.4804083
-54
4
62
0.4804083
68
-29.02085
0.4804083
35.83332
-35.68752
0.4804083
27.49999
-58
0.4804083
-52
4
64
0.4804083
50
22.64581
0.4804083
-21.66667
20.14581
0.4804083
-24.16667
-56
0.4804083
-70
4
64
0.4804083
52
22.64581
0.4804083
-21.66667
20.14581
0.4804083
-24.16667
-56
0.4804083
-68
4
64
0.4804083
54
22.64581
0.4804083
-21.66667
20.14581
0.4804083
-24.16667
-56
0.4804083
-66
4
64
0.4804083
56
22.64581
0.4804083
-21.66667
20.14581
0.4804083
-24.16667
-56
0.4804083
-64
4
64
0.4804083
58
22.64581
0.4804083
-21.66667
20.14581
0.4804083
-24.16667
-56
0.4804083
-62
4
64
0.4804083
60
22.64581
0.4804083
-21.66667
20.14581
0.4804083
-24.16667
-56
0.4804083
-60
4
64
0.4804083
62
22.64581
0.4804083
-21.66667
20.14581
0.4804083
-24.16667
-56
0.4804083
-58
4
64
0.4804083
64
-29.02085
0.4804083
35.83332
-35.68752
0.4804083
27.49999
-56
0.4804083
-56
4
64
0.4804083
66
-29.02085
0.4804083
35.83332
-35.68752
0.4804083
27.49999
-56
0.4804083
-54
4
64
0.4804083
68
-29.02085
0.4804083
35.83332
-35.68752
0.4804083
27.49999
-56
0.4804083
-52
4
66
0.4804083
50
22.64581
0.4804083
-21.66667
20.14581
0.4804083
-24.16667
-54
0.4804083
-70
4
66
0.4804083
52
22.64581
0.4804083
-21.66667
20.14581
0.4804083
-24.16667
-54
0.4804083
-68
4
66
0.4804083
54
22.64581
0.4804083
-21.66667
20.14581
0.4804083
-24.16667
-54
0.4804083
-66
4
66
0.4804083
56
22.64581
0.4804083
-21.66667
20.14581
0.4804083
-24.16667
-54
0.4804083
-64
4
66
0.4804083
58
22.64581
0.4804083
-21.66667
20.14581
0.4804083
-24.16667
-54
0.4804083
-62
4
66
0.4804083
60
22.64581
0.4804083
-21.66667
20.14581
0.4804083
-24.16667
-54
0.4804083
-60
4
66
0.4804083
62
22.64581
0.4804083
-21.66667
20.14581
0.4804083
-24.16667
-54
0.4804083
-58
4
66
0.4804083
64
-29.02085
0.4804083
35.83332
-35.68752
0.4804083
27.49999
-54
0.4804083
-56
4
66
0.4804083
66
-29.02085
0.4804083
35.83332
-35.68752
0.4804083
27.49999
-54
0.4804083
-54
4
66
0.4804083
68
-29.02085
0.4804083
35.83332
-35.68752
0.4804083
27.49999
-54
0.4804083
-52
4
68
0.4804083
50
22.64581
0.4804083
-21.66667
20.14581
0.4804083
-24.16667
-52
0.4804083
-70
4
68
0.4804083
52
22.64581
0.4804083
-21.66667
20.14581
0.4804083
-24.16667
-52
0.4804083
-68
4
68
0.4804083
54
22.64581
0.4804083
-21.66667
20.14581
0.4804083
-24.16667
-52
0.4804083
-66
4
68
0.4804083
56
22.64581
0.4804083
-21.66667
20.14581
0.4804083
-24.16667
-52
0.4804083
-64
4
68
0.4804083
58
22.64581
0.4804083
-21.66667
20.14581
0.4804083
-24.16667
-52
0.4804083
-62
4
68
0.4804083
60
22.64581
0.4804083
-21.66667
20.14581
0.4804083
-24.16667
-52
0.4804083
-60
4
68
0.4804083
62
22.64581
0.4804083
-21.66667
20.14581
0.4804083
-24.16667
-52
0.4804083
-58
4
68
0.4804083
64
22.64581
0.4804083
-21.66667
20.14581
0.4804083
-24.16667
-52
0.4804083
-56
4
68
0.4804083
66
-29.02085
0.4804083
35.83332
-35.68752
0.4804083
27.49999
-52
0.4804083
-54
4
68
0.4804083
68
-29.02085
0.4804083
35.83332
-35.68752
0.4804083
27.49999
-52
0.4804083
-52
4
63.67296
0.4804083
-52.31938
34.31247
0.4804083
33.33332
31.81247
0.4804083
35.83332
-50.84664
0.4804083
68.74176
4
63.15939
0.4804083
-62.4282
-17.35419
0.4804083
-24.16667
-24.85419
0.4804083
-16.66667
-61.09529
0.4804083
65.82095
4
58.31728
0.4804083
-55.26746
-17.35419
0.4804083
-24.16667
-24.85419
0.4804083
-16.66667
-52.2804
0.4804083
60.54502
4
54.64003
0.4804083
-53.62606
34.31247
0.4804083
33.33332
31.81247
0.4804083
35.83332
-53.006
0.4804083
65.67113
4
67.05285
0.4804083
-51.86867
34.31247
0.4804083
33.33332
31.81247
0.4804083
35.83332
-56.08162
0.4804083
62.77571
4
57.17742
0.4804083
-57.43367
-17.35419
0.4804083
-24.16667
-24.85419
0.4804083
-16.66667
-54.77013
0.4804083
58.69694
4
63.58056
0.4804083
-63.82304
-17.35419
0.4804083
-24.16667
-24.85419
0.4804083
-16.66667
-59.56851
0.4804083
65.4054
4
61.62432
0.4804083
-68.88452
-17.35419
0.4804083
-24.16667
-24.85419
0.4804083
-16.66667
-53.91101
0.4804083
65.96006
4
66.36756
0.4804083
-63.8267
-17.35419
0.4804083
-24.16667
-24.85419
0.4804083
-16.66667
-62.05727
0.4804083
57.05443
4
57.44318
0.4804083
-62.88106
-17.35419
0.4804083
-24.16667
-24.85419
0.4804083
-16.66667
-57.18503
0.4804083
65.59419
4
53.50365
0.4804083
-59.68173
-17.35419
0.4804083
-24.16667
-24.85419
0.4804083
-16.66667
-64.57081
0.4804083
69.86729
4
50.2476
0.4804083
-54.07998
-17.35419
0.4804083
-24.16667
-24.85419
0.4804083
-16.66667
-63.83473
0.4804083
68.15214
4
52.22153
0.4804083
-60.06629
-17.35419
0.4804083
-24.16667
-24.85419
0.4804083
-16.66667
-60.65359
0.4804083
53.1305
4
51.8372
0.4804083
-52.0586
-17.35419
0.4804083
-24.16667
-24.85419
0.4804083
-16.66667
-57.52055
0.4804083
52.5817
4
56.31808
0.4804083
-64.54105
-17.35419
0.4804083
-24.16667
-24.85419
0.4804083
-16.66667
-66.76502
0.4804083
54.16496
4
68.4991
0.4804083
-53.00801
-17.35419
0.4804083
-24.16667
-24.85419
0.4804083
-16.66667
-58.77407
0.4804083
58.57126
4
57.79105
0.4804083
-56.51337
-17.35419
0.4804083
-24.16667
-24.85419
0.4804083
-16.66667
-63.8261
0.4804083
58.6751
4
68.04325
0.4804083
-53.37929
-17.35419
0.4804083
-24.16667
-24.85419
0.4804083
-16.66667
-66.0268
0.4804083
57.7145
4
53.60837
0.4804083
-59.82131
-17.35419
0.4804083
-24.16667
-24.85419
0.4804083
-16.66667
-51.7947
0.4804083
58.49271
4
54.22589
0.4804083
-57.61987
-17.35419
0.4804083
-24.16667
-24.85419
0.4804083
-16.66667
-58.34737
0.4804083
51.37513
4
-66.76231
0.4804083
61.2168
-24.85419
0.4804083
-16.66667
-17.35419
0.4804083
-24.16667
54.00723
0.4804083
-56.66042
6
-67.88047
0.4804083
53.34545
-34.02085
0.4804083
10.83332
-31.52085
0.4804083
8.333324
20.14581
0.4804083
4.166658
22.64581
0.4804083
1.666659
64.74808
0.4804083
-64.82386
4
-52.4346
0.4804083
65.07884
31.81247
0.4804083
35.83332
34.31247
0.4804083
33.33332
53.88736
0.4804083
-55.56039
4
-59.79299
0.4804083
65.2344
31.81247
0.4804083
35.83332
34.31247
0.4804083
33.33332
51.91945
0.4804083
-54.90285
4
-66.24361
0.4804083
59.22477
31.81247
0.4804083
35.83332
34.31247
0.4804083
33.33332
66.55771
0.4804083
-58.273
4
-63.59545
0.4804083
60.26064
31.81247
0.4804083
35.83332
34.31247
0.4804083
33.33332
52.84162
0.4804083
-53.16434
6
-57.30729
0.4804083
50.239
-34.02085
0.4804083
10.83332
-31.52085
0.4804083
8.333324
20.14581
0.4804083
4.166658
22.64581
0.4804083
1.666659
58.32386
0.4804083
-50.38955
5
-51.23063
0.4804083
63.73699
-34.02085
0.4804083
10.83332
-24.85419
0.4804083
-16.66667
-17.35419
0.4804083
-24.16667
54.12801
0.4804083
-64.41863
4
-69.47924
0.4804083
66.58215
-24.85419
0.4804083
-16.66667
-17.35419
0.4804083
-24.16667
55.38636
0.4804083
-62.22509
4
-67.7155
0.4804083
66.30517
-24.85419
0.4804083
-16.66667
-17.35419
0.4804083
-24.16667
55.57086
0.4804083
-59.57176
4
-52.83556
0.4804083
64.01472
31.81247
0.4804083
35.83332
34.31247
0.4804083
33.33332
67.80023
0.4804083
-55.91109
4
-53.96567
0.4804083
61.76189
-24.85419
0.4804083
-16.66667
-17.35419
0.4804083
-24.16667
52.29568
0.4804083
-62.20952
4
-54.96453
0.4804083
61.77669
31.81247
0.4804083
35.83332
34.31247
0.4804083
33.33332
50.7894
0.4804083
-51.20718
4
-67.47374
0.4804083
62.47744
31.81247
0.4804083
35.83332
34.31247
0.4804083
33.33332
55.46099
0.4804083
-51.31696
4
-63.45484
0.4804083
56.96799
31.81247
0.4804083
35.83332
34.31247
0.4804083
33.33332
62.4771
0.4804083
-50.12042
6
-69.53063
0.4804083
54.84593
-34.02085
0.4804083
10.83332
-31.52085
0.4804083
8.333324
20.14581
0.4804083
4.166658
22.64581
0.4804083
1.666659
65.72228
0.4804083
-61.66484
6
-64.06994
0.4804083
55.54466
-34.02085
0.4804083
10.83332
-31.52085
0.4804083
8.333324
20.14581
0.4804083
4.166658
22.64581
0.4804083
1.666659
66.06713
0.4804083
-51.00459
4
-54.22488
0.4804083
62.1635
-24.85419
0.4804083
-16.66667
-17.35419
0.4804083
-24.16667
59.03522
0.4804083
-69.46577
4
-52.43688
0.4804083
51.8701
-24.85419
0.4804083
-16.66667
-17.35419
0.4804083
-24.16667
53.52702
0.4804083
-69.22349
6
-63.78191
0.4804083
50.71109
-34.02085
0.4804083
10.83332
-31.52085
0.4804083
8.333324
20.14581
0.4804083
4.166658
22.64581
0.4804083
1.666659
58.90964
0.4804083
-60.66234
2
-70
0.4804083
-20
-20
0.4804083
-70
2
-70
0.4804083
-18
-18
0.4804083
-70
2
-70
0.4804083
-16
-16
0.4804083
-70
2
-70
0.4804083
-14
-14
0.4804083
-70
2
-70
0.4804083
-12
-12
0.4804083
-70
2
-70
0.4804083
-10
-10
0.4804083
-70
2
-70
0.4804083
-8
-8
0.4804083
-70
2
-70
0.4804083
-6
-6
0.4804083
-70
2
-70
0.4804083
-4
-4
0.4804083
-70
2
-70
0.4804083
-2
-2
0.4804083
-70
2
-70
0.4804083
0
0
0.4804083
-70
2
-70
0.4804083
2
2
0.4804083
-70
2
-70
0.4804083
4
4
0.4804083
-70
2
-70
0.4804083
6
6
0.4804083
-70
2
-70
0.4804083
8
8
0.4804083
-70
2
-70
0.4804083
10
10
0.4804083
-70
2
-70
0.4804083
12
12
0.4804083
-70
2
-70
0.4804083
14
14
0.4804083
-70
2
-70
0.4804083
16
16
0.4804083
-70
2
-70
0.4804083
18
18
0.4804083
-70
2
-68
0.4804083
-20
-20
0.4804083
-68
2
-68
0.4804083
-18
-18
0.4804083
-68
2
-68
0.4804083
-16
-16
0.4804083
-68
2
-68
0.4804083
-14
-14
0.4804083
-68
2
-68
0.4804083
-12
-12
0.4804083
-68
2
-68
0.4804083
-10
-10
0.4804083
-68
2
-68
0.4804083
-8
-8
0.4804083
-68
2
-68
0.4804083
-6
-6
0.4804083
-68
2
-68
0.4804083
-4
-4
0.4804083
-68
2
-68
0.4804083
-2
-2
0.4804083
-68
2
-68
0.4804083
0
0
0.4804083
-68
2
-68
0.4804083
2
2
0.4804083
-68
2
-68
0.4804083
4
4
0.4804083
-68
2
-68
0.4804083
6
6
0.4804083
-68
2
-68
0.4804083
8
8
0.4804083
-68
2
-68
0.4804083
10
10
0.4804083
-68
2
-68
0.4804083
12
12
0.4804083
-68
2
-68
0.4804083
14
14
0.4804083
-68
2
-68
0.4804083
16
16
0.4804083
-68
2
-68
0.4804083
18
18
0.4804083
-68
2
-66
0.4804083
-20
-20
0.4804083
-66
2
-66
0.4804083
-18
-18
0.4804083
-66
2
-66
0.4804083
-16
-16
0.4804083
-66
2
-66
0.4804083
-14
-14
0.4804083
-66
2
-66
0.4804083
-12
-12
0.4804083
-66
2
-66
0.4804083
-10
-10
0.4804083
-66
2
-66
0.4804083
-8
-8
0.4804083
-66
2
-66
0.4804083
-6
-6
0.4804083
-66
2
-66
0.4804083
-4
-4
0.4804083
-66
2
-66
0.4804083
-2
-2
0.4804083
-66
2
-66
0.4804083
0
0
0.4804083
-66
2
-66
0.4804083
2
2
0.4804083
-66
2
-66
0.4804083
4
4
0.4804083
-66
2
-66
0.4804083
6
6
0.4804083
-66
2
-66
0.4804083
8
8
0.4804083
-66
2
-66
0.4804083
10
10
0.4804083
-66
2
-66
0.4804083
12
12
0.4804083
-66
2
-66
0.4804083
14
14
0.4804083
-66
2
-66
0.4804083
16
16
0.4804083
-66
2
-66
0.4804083
18
18
0.4804083
-66
2
-64
0.4804083
-20
-20
0.4804083
-64
2
-64
0.4804083
-18
-18
0.4804083
-64
2
-64
0.4804083
-16
-16
0.4804083
-64
2
-64
0.4804083
-14
-14
0.4804083
-64
2
-64
0.4804083
-12
-12
0.4804083
-64
2
-64
0.4804083
-10
-10
0.4804083
-64
2
-64
0.4804083
-8
-8
0.4804083
-64
2
-64
0.4804083
-6
-6
0.4804083
-64
2
-64
0.4804083
-4
-4
0.4804083
-64
2
-64
0.4804083
-2
-2
0.4804083
-64
2
-64
0.4804083
0
0
0.4804083
-64
2
-64
0.4804083
2
2
0.4804083
-64
2
-64
0.4804083
4
4
0.4804083
-64
2
-64
0.4804083
6
6
0.4804083
-64
2
-64
0.4804083
8
8
0.4804083
-64
2
-64
0.4804083
10
10
0.4804083
-64
2
-64
0.4804083
12
12
0.4804083
-64
2
-64
0.4804083
14
14
0.4804083
-64
2
-64
0.4804083
16
16
0.4804083
-64
2
-64
0.4804083
18
18
0.4804083
-64
2
-62
0.4804083
-20
-20
0.4804083
-62
2
-62
0.4804083
-18
-18
0.4804083
-62
2
-62
0.4804083
-16
-16
0.4804083
-62
2
-62
0.4804083
-14
-14
0.4804083
-62
2
-62
0.4804083
-12
-12
0.4804083
-62
2
-62
0.4804083
-10
-10
0.4804083
-62
2
-62
0.4804083
-8
-8
0.4804083
-62
2
-62
0.4804083
-6
-6
0.4804083
-62
2
-62
0.4804083
-4
-4
0.4804083
-62
2
-62
0.4804083
-2
-2
0.4804083
-62
2
-62
0.4804083
0
0
0.4804083
-62
2
-62
0.4804083
2
2
0.4804083
-62
2
-62
0.4804083
4
4
0.4804083
-62
2
-62
0.4804083
6
6
0.4804083
-62
2
-62
0.4804083
8
8
0.4804083
-62
2
-62
0.4804083
10
10
0.4804083
-62
2
-62
0.4804083
12
12
0.4804083
-62
2
-62
0.4804083
14
14
0.4804083
-62
2
-62
0.4804083
16
16
0.4804083
-62
2
-62
0.4804083
18
18
0.4804083
-62
2
-20
0.4804083
-70
60
0.4804083
-20
2
-20
0.4804083
-68
62
0.4804083
-20
2
-20
0.4804083
-66
64
0.4804083
-20
2
-20
0.4804083
-64
66
0.4804083
-20
2
-20
0.4804083
-62
68
0.4804083
-20
2
-18
0.4804083
-70
60
0.4804083
-18
2
-18
0.4804083
-68
62
0.4804083
-18
2
-18
0.4804083
-66
64
0.4804083
-18
2
-18
0.4804083
-64
66
0.4804083
-18
2
-18
0.4804083
-62
68
0.4804083
-18
2
-16
0.4804083
-70
60
0.4804083
-16
2
-16
0.4804083
-68
62
0.4804083
-16
2
-16
0.4804083
-66
64
0.4804083
-16
2
-16
0.4804083
-64
66
0.4804083
-16
2
-16
0.4804083
-62
68
0.4804083
-16
2
-14
0.4804083
-70
60
0.4804083
-14
2
-14
0.4804083
-68
62
0.4804083
-14
2
-14
0.4804083
-66
64
0.4804083
-14
2
-14
0.4804083
-64
66
0.4804083
-14
2
-14
0.4804083
-62
68
0.4804083
-14
2
-12
0.4804083
-70
60
0.4804083
-12
2
-12
0.4804083
-68
62
0.4804083
-12
2
-12
0.4804083
-66
64
0.4804083
-12
2
-12
0.4804083
-64
66
0.4804083
-12
2
-12
0.4804083
-62
68
0.4804083
-12
2
-10
0.4804083
-70
60
0.4804083
-10
2
-10
0.4804083
-68
62
0.4804083
-10
2
-10
0.4804083
-66
64
0.4804083
-10
2
-10
0.4804083
-64
66
0.4804083
-10
2
-10
0.4804083
-62
68
0.4804083
-10
2
-8
0.4804083
-70
60
0.4804083
-8
2
-8
0.4804083
-68
62
0.4804083
-8
2
-8
0.4804083
-66
64
0.4804083
-8
2
-8
0.4804083
-64
66
0.4804083
-8
2
-8
0.4804083
-62
68
0.4804083
-8
2
-6
0.4804083
-70
60
0.4804083
-6
2
-6
0.4804083
-68
62
0.4804083
-6
2
-6
0.4804083
-66
64
0.4804083
-6
2
-6
0.4804083
-64
66
0.4804083
-6
2
-6
0.4804083
-62
68
0.4804083
-6
2
-4
0.4804083
-70
60
0.4804083
-4
2
-4
0.4804083
-68
62
0.4804083
-4
2
-4
0.4804083
-66
64
0.4804083
-4
2
-4
0.4804083
-64
66
0.4804083
-4
2
-4
0.4804083
-62
68
0.4804083
-4
2
-2
0.4804083
-70
60
0.4804083
-2
2
-2
0.4804083
-68
62
0.4804083
-2
2
-2
0.4804083
-66
64
0.4804083
-2
2
-2
0.4804083
-64
66
0.4804083
-2
2
-2
0.4804083
-62
68
0.4804083
-2
2
0
0.4804083
-70
60
0.4804083
0
2
0
0.4804083
-68
62
0.4804083
0
2
0
0.4804083
-66
64
0.4804083
0
2
0
0.4804083
-64
66
0.4804083
0
2
0
0.4804083
-62
68
0.4804083
0
2
2
0.4804083
-70
60
0.4804083
2
2
2
0.4804083
-68
62
0.4804083
2
2
2
0.4804083
-66
64
0.4804083
2
2
2
0.4804083
-64
66
0.4804083
2
2
2
0.4804083
-62
68
0.4804083
2
2
4
0.4804083
-70
60
0.4804083
4
2
4
0.4804083
-68
62
0.4804083
4
2
4
0.4804083
-66
64
0.4804083
4
2
4
0.4804083
-64
66
0.4804083
4
2
4
0.4804083
-62
68
0.4804083
4
2
6
0.4804083
-70
60
0.4804083
6
2
6
0.4804083
-68
62
0.4804083
6
2
6
0.4804083
-66
64
0.4804083
6
2
6
0.4804083
-64
66
0.4804083
6
2
6
0.4804083
-62
68
0.4804083
6
2
8
0.4804083
-70
60
0.4804083
8
2
8
0.4804083
-68
62
0.4804083
8
2
8
0.4804083
-66
64
0.4804083
8
2
8
0.4804083
-64
66
0.4804083
8
2
8
0.4804083
-62
68
0.4804083
8
2
10
0.4804083
-70
60
0.4804083
10
2
10
0.4804083
-68
62
0.4804083
10
2
10
0.4804083
-66
64
0.4804083
10
2
10
0.4804083
-64
66
0.4804083
10
2
10
0.4804083
-62
68
0.4804083
10
2
12
0.4804083
-70
60
0.4804083
12
2
12
0.4804083
-68
62
0.4804083
12
2
12
0.4804083
-66
64
0.4804083
12
2
12
0.4804083
-64
66
0.4804083
12
2
12
0.4804083
-62
68
0.4804083
12
2
14
0.4804083
-70
60
0.4804083
14
2
14
0.4804083
-68
62
0.4804083
14
2
14
0.4804083
-66
64
0.4804083
14
2
14
0.4804083
-64
66
0.4804083
14
2
14
0.4804083
-62
68
0.4804083
14
2
16
0.4804083
-70
60
0.4804083
16
2
16
0.4804083
-68
62
0.4804083
16
2
16
0.4804083
-66
64
0.4804083
16
2
16
0.4804083
-64
66
0.4804083
16
2
16
0.4804083
-62
68
0.4804083
16
2
18
0.4804083
-70
60
0.4804083
18
2
18
0.4804083
-68
62
0.4804083
18
2
18
0.4804083
-66
64
0.4804083
18
2
18
0.4804083
-64
66
0.4804083
18
2
18
0.4804083
-62
68
0.4804083
18
4
60
0.4804083
-20
34.31247
0.4804083
33.33332
31.81247
0.4804083
35.83332
-20
0.4804083
60
4
60
0.4804083
-18
34.31247
0.4804083
33.33332
31.81247
0.4804083
35.83332
-18
0.4804083
60
4
60
0.4804083
-16
34.31247
0.4804083
33.33332
31.81247
0.4804083
35.83332
-16
0.4804083
60
4
60
0.4804083
-14
34.31247
0.4804083
33.33332
31.81247
0.4804083
35.83332
-14
0.4804083
60
4
60
0.4804083
-12
34.31247
0.4804083
33.33332
31.81247
0.4804083
35.83332
-12
0.4804083
60
4
60
0.4804083
-10
34.31247
0.4804083
33.33332
31.81247
0.4804083
35.83332
-10
0.4804083
60
4
60
0.4804083
-8
34.31247
0.4804083
33.33332
31.81247
0.4804083
35.83332
-8
0.4804083
60
4
60
0.4804083
-6
34.31247
0.4804083
33.33332
31.81247
0.4804083
35.83332
-6
0.4804083
60
4
60
0.4804083
-4
34.31247
0.4804083
33.33332
31.81247
0.4804083
35.83332
-4
0.4804083
60
4
60
0.4804083
-2
34.31247
0.4804083
33.33332
31.81247
0.4804083
35.83332
-2
0.4804083
60
4
60
0.4804083
0
34.31247
0.4804083
33.33332
31.81247
0.4804083
35.83332
0
0.4804083
60
4
60
0.4804083
2
34.31247
0.4804083
33.33332
31.81247
0.4804083
35.83332
2
0.4804083
60
4
60
0.4804083
4
34.31247
0.4804083
33.33332
31.81247
0.4804083
35.83332
4
0.4804083
60
4
60
0.4804083
6
34.31247
0.4804083
33.33332
31.81247
0.4804083
35.83332
6
0.4804083
60
2
60
0.4804083
8
8
0.4804083
60
2
60
0.4804083
10
10
0.4804083
60
2
60
0.4804083
12
12
0.4804083
60
2
60
0.4804083
14
14
0.4804083
60
2
60
0.4804083
16
16
0.4804083
60
2
60
0.4804083
18
18
0.4804083
60
4
62
0.4804083
-20
34.31247
0.4804083
33.33332
31.81247
0.4804083
35.83332
-20
0.4804083
62
4
62
0.4804083
-18
34.31247
0.4804083
33.33332
31.81247
0.4804083
35.83332
-18
0.4804083
62
4
62
0.4804083
-16
34.31247
0.4804083
33.33332
31.81247
0.4804083
35.83332
-16
0.4804083
62
4
62
0.4804083
-14
34.31247
0.4804083
33.33332
31.81247
0.4804083
35.83332
-14
0.4804083
62
4
62
0.4804083
-12
34.31247
0.4804083
33.33332
31.81247
0.4804083
35.83332
-12
0.4804083
62
4
62
0.4804083
-10
34.31247
0.4804083
33.33332
31.81247
0.4804083
35.83332
-10
0.4804083
62
4
62
0.4804083
-8
34.31247
0.4804083
33.33332
31.81247
0.4804083
35.83332
-8
0.4804083
62
4
62
0.4804083
-6
34.31247
0.4804083
33.33332
31.81247
0.4804083
35.83332
-6
0.4804083
62
4
62
0.4804083
-4
34.31247
0.4804083
33.33332
31.81247
0.4804083
35.83332
-4
0.4804083
62
4
62
0.4804083
-2
34.31247
0.4804083
33.33332
31.81247
0.4804083
35.83332
-2
0.4804083
62
4
62
0.4804083
0
34.31247
0.4804083
33.33332
31.81247
0.4804083
35.83332
0
0.4804083
62
4
62
0.4804083
2
34.31247
0.4804083
33.33332
31.81247
0.4804083
35.83332
2
0.4804083
62
4
62
0.4804083
4
34.31247
0.4804083
33.33332
31.81247
0.4804083
35.83332
4
0.4804083
62
2
62
0.4804083
6
6
0.4804083
62
2
62
0.4804083
8
8
0.4804083
62
2
62
0.4804083
10
10
0.4804083
62
2
62
0.4804083
12
12
0.4804083
62
2
62
0.4804083
14
14
0.4804083
62
2
62
0.4804083
16
16
0.4804083
62
2
62
0.4804083
18
18
0.4804083
62
4
64
0.4804083
-20
34.31247
0.4804083
33.33332
31.81247
0.4804083
35.83332
-20
0.4804083
64
4
64
0.4804083
-18
34.31247
0.4804083
33.33332
31.81247
0.4804083
35.83332
-18
0.4804083
64
4
64
0.4804083
-16
34.31247
0.4804083
33.33332
31.81247
0.4804083
35.83332
-16
0.4804083
64
4
64
0.4804083
-14
34.31247
0.4804083
33.33332
31.81247
0.4804083
35.83332
-14
0.4804083
64
4
64
0.4804083
-12
34.31247
0.4804083
33.33332
31.81247
0.4804083
35.83332
-12
0.4804083
64
4
64
0.4804083
-10
34.31247
0.4804083
33.33332
31.81247
0.4804083
35.83332
-10
0.4804083
64
4
64
0.4804083
-8
34.31247
0.4804083
33.33332
31.81247
0.4804083
35.83332
-8
0.4804083
64
4
64
0.4804083
-6
34.31247
0.4804083
33.33332
31.81247
0.4804083
35.83332
-6
0.4804083
64
4
64
0.4804083
-4
34.31247
0.4804083
33.33332
31.81247
0.4804083
35.83332
-4
0.4804083
64
4
64
0.4804083
-2
34.31247
0.4804083
33.33332
31.81247
0.4804083
35.83332
-2
0.4804083
64
4
64
0.4804083
0
34.31247
0.4804083
33.33332
31.81247
0.4804083
35.83332
0
0.4804083
64
4
64
0.4804083
2
34.31247
0.4804083
33.33332
31.81247
0.4804083
35.83332
2
0.4804083
64
2
64
0.4804083
4
4
0.4804083
64
2
64
0.4804083
6
6
0.4804083
64
2
64
0.4804083
8
8
0.4804083
64
2
64
0.4804083
10
10
0.4804083
64
2
64
0.4804083
12
12
0.4804083
64
2
64
0.4804083
14
14
0.4804083
64
2
64
0.4804083
16
16
0.4804083
64
2
64
0.4804083
18
18
0.4804083
64
4
66
0.4804083
-20
34.31247
0.4804083
33.33332
31.81247
0.4804083
35.83332
-20
0.4804083
66
4
66
0.4804083
-18
34.31247
0.4804083
33.33332
31.81247
0.4804083
35.83332
-18
0.4804083
66
4
66
0.4804083
-16
34.31247
0.4804083
33.33332
31.81247
0.4804083
35.83332
-16
0.4804083
66
4
66
0.4804083
-14
34.31247
0.4804083
33.33332
31.81247
0.4804083
35.83332
-14
0.4804083
66
4
66
0.4804083
-12
34.31247
0.4804083
33.33332
31.81247
0.4804083
35.83332
-12
0.4804083
66
4
66
0.4804083
-10
34.31247
0.4804083
33.33332
31.81247
0.4804083
35.83332
-10
0.4804083
66
4
66
0.4804083
-8
34.31247
0.4804083
33.33332
31.81247
0.4804083
35.83332
-8
0.4804083
66
4
66
0.4804083
-6
34.31247
0.4804083
33.33332
31.81247
0.4804083
35.83332
-6
0.4804083
66
4
66
0.4804083
-4
34.31247
0.4804083
33.33332
31.81247
0.4804083
35.83332
-4
0.4804083
66
4
66
0.4804083
-2
34.31247
0.4804083
33.33332
31.81247
0.4804083
35.83332
-2
0.4804083
66
4
66
0.4804083
0
34.31247
0.4804083
33.33332
31.81247
0.4804083
35.83332
0
0.4804083
66
2
66
0.4804083
2
2
0.4804083
66
2
66
0.4804083
4
4
0.4804083
66
2
66
0.4804083
6
6
0.4804083
66
2
66
0.4804083
8
8
0.4804083
66
2
66
0.4804083
10
10
0.4804083
66
2
66
0.4804083
12
12
0.4804083
66
2
66
0.4804083
14
14
0.4804083
66
2
66
0.4804083
16
16
0.4804083
66
2
66
0.4804083
18
18
0.4804083
66
4
68
0.4804083
-20
34.31247
0.4804083
33.33332
31.81247
0.4804083
35.83332
-20
0.4804083
68
4
68
0.4804083
-18
34.31247
0.4804083
33.33332
31.81247
0.4804083
35.83332
-18
0.4804083
68
4
68
0.4804083
-16
34.31247
0.4804083
33.33332
31.81247
0.4804083
35.83332
-16
0.4804083
68
4
68
0.4804083
-14
34.31247
0.4804083
33.33332
31.81247
0.4804083
35.83332
-14
0.4804083
68
4
68
0.4804083
-12
34.31247
0.4804083
33.33332
31.81247
0.4804083
35.83332
-12
0.4804083
68
4
68
0.4804083
-10
34.31247
0.4804083
33.33332
31.81247
0.4804083
35.83332
-10
0.4804083
68
4
68
0.4804083
-8
34.31247
0.4804083
33.33332
31.81247
0.4804083
35.83332
-8
0.4804083
68
4
68
0.4804083
-6
34.31247
0.4804083
33.33332
31.81247
0.4804083
35.83332
-6
0.4804083
68
4
68
0.4804083
-4
34.31247
0.4804083
33.33332
31.81247
0.4804083
35.83332
-4
0.4804083
68
4
68
0.4804083
-2
34.31247
0.4804083
33.33332
31.81247
0.4804083
35.83332
-2
0.4804083
68
2
68
0.4804083
0
0
0.4804083
68
2
68
0.4804083
2
2
0.4804083
68
2
68
0.4804083
4
4
0.4804083
68
2
68
0.4804083
6
6
0.4804083
68
2
68
0.4804083
8
8
0.4804083
68
2
68
0.4804083
10
10
0.4804083
68
2
68
0.4804083
12
12
0.4804083
68
2
68
0.4804083
14
14
0.4804083
68
2
68
0.4804083
16
16
0.4804083
68
2
68
0.4804083
18
18
0.4804083
68
2
-20
0.4804083
60
-70
0.4804083
-20
2
-20
0.4804083
62
-68
0.4804083
-20
2
-20
0.4804083
64
-66
0.4804083
-20
2
-20
0.4804083
66
-64
0.4804083
-20
2
-20
0.4804083
68
-62
0.4804083
-20
2
-18
0.4804083
60
-70
0.4804083
-18
2
-18
0.4804083
62
-68
0.4804083
-18
2
-18
0.4804083
64
-66
0.4804083
-18
2
-18
0.4804083
66
-64
0.4804083
-18
2
-18
0.4804083
68
-62
0.4804083
-18
2
-16
0.4804083
60
-70
0.4804083
-16
2
-16
0.4804083
62
-68
0.4804083
-16
2
-16
0.4804083
64
-66
0.4804083
-16
2
-16
0.4804083
66
-64
0.4804083
-16
2
-16
0.4804083
68
-62
0.4804083
-16
2
-14
0.4804083
60
-70
0.4804083
-14
2
-14
0.4804083
62
-68
0.4804083
-14
2
-14
0.4804083
64
-66
0.4804083
-14
2
-14
0.4804083
66
-64
0.4804083
-14
2
-14
0.4804083
68
-62
0.4804083
-14
2
-12
0.4804083
60
-70
0.4804083
-12
2
-12
0.4804083
62
-68
0.4804083
-12
2
-12
0.4804083
64
-66
0.4804083
-12
2
-12
0.4804083
66
-64
0.4804083
-12
2
-12
0.4804083
68
-62
0.4804083
-12
2
-10
0.4804083
60
-70
0.4804083
-10
2
-10
0.4804083
62
-68
0.4804083
-10
2
-10
0.4804083
64
-66
0.4804083
-10
2
-10
0.4804083
66
-64
0.4804083
-10
2
-10
0.4804083
68
-62
0.4804083
-10
2
-8
0.4804083
60
-70
0.4804083
-8
2
-8
0.4804083
62
-68
0.4804083
-8
2
-8
0.4804083
64
-66
0.4804083
-8
2
-8
0.4804083
66
-64
0.4804083
-8
2
-8
0.4804083
68
-62
0.4804083
-8
2
-6
0.4804083
60
-70
0.4804083
-6
2
-6
0.4804083
62
-68
0.4804083
-6
2
-6
0.4804083
64
-66
0.4804083
-6
2
-6
0.4804083
66
-64
0.4804083
-6
2
-6
0.4804083
68
-62
0.4804083
-6
3
-4
0.4804083
60
-29.02085
0.4804083
35.83332
-70
0.4804083
-4
2
-4
0.4804083
62
-68
0.4804083
-4
2
-4
0.4804083
64
-66
0.4804083
-4
2
-4
0.4804083
66
-64
0.4804083
-4
2
-4
0.4804083
68
-62
0.4804083
-4
3
-2
0.4804083
60
-29.02085
0.4804083
35.83332
-70
0.4804083
-2
3
-2
0.4804083
62
-29.02085
0.4804083
35.83332
-68
0.4804083
-2
2
-2
0.4804083
64
-66
0.4804083
-2
2
-2
0.4804083
66
-64
0.4804083
-2
2
-2
0.4804083
68
-62
0.4804083
-2
3
0
0.4804083
60
-29.02085
0.4804083
35.83332
-70
0.4804083
0
3
0
0.4804083
62
-29.02085
0.4804083
35.83332
-68
0.4804083
0
2
0
0.4804083
64
-66
0.4804083
0
2
0
0.4804083
66
-64
0.4804083
0
2
0
0.4804083
68
-62
0.4804083
0
3
2
0.4804083
60
-29.02085
0.4804083
35.83332
-70
0.4804083
2
3
2
0.4804083
62
-29.02085
0.4804083
35.83332
-68
0.4804083
2
3
2
0.4804083
64
-29.02085
0.4804083
35.83332
-66
0.4804083
2
2
2
0.4804083
66
-64
0.4804083
2
2
2
0.4804083
68
-62
0.4804083
2
3
4
0.4804083
60
-29.02085
0.4804083
35.83332
-70
0.4804083
4
3
4
0.4804083
62
-29.02085
0.4804083
35.83332
-68
0.4804083
4
3
4
0.4804083
64
-29.02085
0.4804083
35.83332
-66
0.4804083
4
2
4
0.4804083
66
-64
0.4804083
4
2
4
0.4804083
68
-62
0.4804083
4
3
6
0.4804083
60
-29.02085
0.4804083
35.83332
-70
0.4804083
6
3
6
0.4804083
62
-29.02085
0.4804083
35.83332
-68
0.4804083
6
3
6
0.4804083
64
-29.02085
0.4804083
35.83332
-66
0.4804083
6
2
6
0.4804083
66
-64
0.4804083
6
2
6
0.4804083
68
-62
0.4804083
6
3
8
0.4804083
60
-29.02085
0.4804083
35.83332
-70
0.4804083
8
3
8
0.4804083
62
-29.02085
0.4804083
35.83332
-68
0.4804083
8
2
8
0.4804083
64
-66
0.4804083
8
2
8
0.4804083
66
-64
0.4804083
8
2
8
0.4804083
68
-62
0.4804083
8
3
10
0.4804083
60
-29.02085
0.4804083
35.83332
-70
0.4804083
10
2
10
0.4804083
62
-68
0.4804083
10
2
10
0.4804083
64
-66
0.4804083
10
2
10
0.4804083
66
-64
0.4804083
10
2
10
0.4804083
68
-62
0.4804083
10
2
12
0.4804083
60
-70
0.4804083
12
2
12
0.4804083
62
-68
0.4804083
12
2
12
0.4804083
64
-66
0.4804083
12
2
12
0.4804083
66
-64
0.4804083
12
2
12
0.4804083
68
-62
0.4804083
12
2
14
0.4804083
60
-70
0.4804083
14
2
14
0.4804083
62
-68
0.4804083
14
2
14
0.4804083
64
-66
0.4804083
14
2
14
0.4804083
66
-64
0.4804083
14
2
14
0.4804083
68
-62
0.4804083
14
2
16
0.4804083
60
-70
0.4804083
16
2
16
0.4804083
62
-68
0.4804083
16
2
16
0.4804083
64
-66
0.4804083
16
2
16
0.4804083
66
-64
0.4804083
16
2
16
0.4804083
68
-62
0.4804083
16
2
18
0.4804083
60
-70
0.4804083
18
2
18
0.4804083
62
-68
0.4804083
18
2
18
0.4804083
64
-66
0.4804083
18
2
18
0.4804083
66
-64
0.4804083
18
2
18
0.4804083
68
-62
0.4804083
18
