36
-71.86117
10.2
-16.25434
-5.527841
10.2
-16.25434
-5.527841
10.2
-82.58766
-71.86117
10.2
-82.58766
-5.527841
10.2
-16.25434
61.13882
10.2
-16.25434
61.13882
10.2
-82.58766
-5.527841
10.2
-82.58766
61.13882
10.2
-16.25434
87.53882
10.2
-16.25434
87.53882
10.2
-82.58766
61.13882
10.2
-82.58766
-71.86117
10.2
50.41233
-5.527841
10.2
50.41233
-5.527841
10.2
-16.25434
-71.86117
10.2
-16.25434
-5.527841
10.2
50.41233
61.13882
10.2
50.41233
61.13882
10.2
-16.25434
-5.527841
10.2
-16.25434
61.13882
10.2
50.41233
87.53882
10.2
50.41233
87.53882
10.2
-16.25434
61.13882
10.2
-16.25434
-5.527841
10.2
76.81232
-5.527841
10.2
50.41233
-71.86117
10.2
50.41233
-71.86117
10.2
76.81232
-5.527841
10.2
76.81232
61.13882
10.2
76.81232
61.13882
10.2
50.41233
-5.527841
10.2
50.41233
61.13882
10.2
76.81232
87.53882
10.2
76.81232
87.53882
10.2
50.41233
61.13882
10.2
50.41233
18
0
1
2
0
2
3
4
5
6
4
6
7
8
9
10
8
10
11
12
13
14
12
14
15
16
17
18
16
18
19
20
21
22
20
22
23
24
25
26
24
26
27
28
29
30
28
30
31
32
33
34
32
34
35
