0.01656711
240
0
-70
0
-70
0
0
0
1
-70
0
-68
0
0
0
2
-70
0
-66
0
0
0
3
-70
0
-64
0
0
0
4
-70
0
-62
0
0
0
5
-70
0
-60
0
0
0
6
-70
0
-58
0
0
0
7
-70
0
-56
0
0
0
8
-70
0
-54
0
0
0
9
-70
0
-52
0
0
0
10
-68
0
-70
0
0
0
11
-68
0
-68
0
0
0
12
-68
0
-66
0
0
0
13
-68
0
-64
0
0
0
14
-68
0
-62
0
0
0
15
-68
0
-60
0
0
0
16
-68
0
-58
0
0
0
17
-68
0
-56
0
0
0
18
-68
0
-54
0
0
0
19
-68
0
-52
0
0
0
20
-66
0
-70
0
0
0
21
-66
0
-68
0
0
0
22
-66
0
-66
0
0
0
23
-66
0
-64
0
0
0
24
-66
0
-62
0
0
0
25
-66
0
-60
0
0
0
26
-66
0
-58
0
0
0
27
-66
0
-56
0
0
0
28
-66
0
-54
0
0
0
29
-66
0
-52
0
0
0
30
-64
0
-70
0
0
0
31
-64
0
-68
0
0
0
32
-64
0
-66
0
0
0
33
-64
0
-64
0
0
0
34
-64
0
-62
0
0
0
35
-64
0
-60
0
0
0
36
-64
0
-58
0
0
0
37
-64
0
-56
0
0
0
38
-64
0
-54
0
0
0
39
-64
0
-52
0
0
0
40
-62
0
-70
0
0
0
41
-62
0
-68
0
0
0
42
-62
0
-66
0
0
0
43
-62
0
-64
0
0
0
44
-62
0
-62
0
0
0
45
-62
0
-60
0
0
0
46
-62
0
-58
0
0
0
47
-62
0
-56
0
0
0
48
-62
0
-54
0
0
0
49
-62
0
-52
0
0
0
50
-60
0
-70
0
0
0
51
-60
0
-68
0
0
0
52
-60
0
-66
0
0
0
53
-60
0
-64
0
0
0
54
-60
0
-62
0
0
0
55
-60
0
-60
0
0
0
56
-60
0
-58
0
0
0
57
-60
0
-56
0
0
0
58
-60
0
-54
0
0
0
59
-60
0
-52
0
0
0
60
-58
0
-70
0
0
0
61
-58
0
-68
0
0
0
62
-58
0
-66
0
0
0
63
-58
0
-64
0
0
0
64
-58
0
-62
0
0
0
65
-58
0
-60
0
0
0
66
-58
0
-58
0
0
0
67
-58
0
-56
0
0
0
68
-58
0
-54
0
0
0
69
-58
0
-52
0
0
0
70
-56
0
-70
0
0
0
71
-56
0
-68
0
0
0
72
-56
0
-66
0
0
0
73
-56
0
-64
0
0
0
74
-56
0
-62
0
0
0
75
-56
0
-60
0
0
0
76
-56
0
-58
0
0
0
77
-56
0
-56
0
0
0
78
-56
0
-54
0
0
0
79
-56
0
-52
0
0
0
80
-54
0
-70
0
0
0
81
-54
0
-68
0
0
0
82
-54
0
-66
0
0
0
83
-54
0
-64
0
0
0
84
-54
0
-62
0
0
0
85
-54
0
-60
0
0
0
86
-54
0
-58
0
0
0
87
-54
0
-56
0
0
0
88
-54
0
-54
0
0
0
89
-54
0
-52
0
0
0
90
-52
0
-70
0
0
0
91
-52
0
-68
0
0
0
92
-52
0
-66
0
0
0
93
-52
0
-64
0
0
0
94
-52
0
-62
0
0
0
95
-52
0
-60
0
0
0
96
-52
0
-58
0
0
0
97
-52
0
-56
0
0
0
98
-52
0
-54
0
0
0
99
-52
0
-52
0
0
0
100
50
0
50
0
0
0
101
50
0
52
0
0
0
102
50
0
54
0
0
0
103
50
0
56
0
0
0
104
50
0
58
0
0
0
105
50
0
60
0
0
0
106
50
0
62
0
0
0
107
50
0
64
0
0
0
108
50
0
66
0
0
0
109
50
0
68
0
0
0
110
52
0
50
0
0
0
111
52
0
52
0
0
0
112
52
0
54
0
0
0
113
52
0
56
0
0
0
114
52
0
58
0
0
0
115
52
0
60
0
0
0
116
52
0
62
0
0
0
117
52
0
64
0
0
0
118
52
0
66
0
0
0
119
52
0
68
0
0
0
120
54
0
50
0
0
0
121
54
0
52
0
0
0
122
54
0
54
0
0
0
123
54
0
56
0
0
0
124
54
0
58
0
0
0
125
54
0
60
0
0
0
126
54
0
62
0
0
0
127
54
0
64
0
0
0
128
54
0
66
0
0
0
129
54
0
68
0
0
0
130
56
0
50
0
0
0
131
56
0
52
0
0
0
132
56
0
54
0
0
0
133
56
0
56
0
0
0
134
56
0
58
0
0
0
135
56
0
60
0
0
0
136
56
0
62
0
0
0
137
56
0
64
0
0
0
138
56
0
66
0
0
0
139
56
0
68
0
0
0
140
58
0
50
0
0
0
141
58
0
52
0
0
0
142
58
0
54
0
0
0
143
58
0
56
0
0
0
144
58
0
58
0
0
0
145
58
0
60
0
0
0
146
58
0
62
0
0
0
147
58
0
64
0
0
0
148
58
0
66
0
0
0
149
58
0
68
0
0
0
150
60
0
50
0
0
0
151
60
0
52
0
0
0
152
60
0
54
0
0
0
153
60
0
56
0
0
0
154
60
0
58
0
0
0
155
60
0
60
0
0
0
156
60
0
62
0
0
0
157
60
0
64
0
0
0
158
60
0
66
0
0
0
159
60
0
68
0
0
0
160
62
0
50
0
0
0
161
62
0
52
0
0
0
162
62
0
54
0
0
0
163
62
0
56
0
0
0
164
62
0
58
0
0
0
165
62
0
60
0
0
0
166
62
0
62
0
0
0
167
62
0
64
0
0
0
168
62
0
66
0
0
0
169
62
0
68
0
0
0
170
64
0
50
0
0
0
171
64
0
52
0
0
0
172
64
0
54
0
0
0
173
64
0
56
0
0
0
174
64
0
58
0
0
0
175
64
0
60
0
0
0
176
64
0
62
0
0
0
177
64
0
64
0
0
0
178
64
0
66
0
0
0
179
64
0
68
0
0
0
180
66
0
50
0
0
0
181
66
0
52
0
0
0
182
66
0
54
0
0
0
183
66
0
56
0
0
0
184
66
0
58
0
0
0
185
66
0
60
0
0
0
186
66
0
62
0
0
0
187
66
0
64
0
0
0
188
66
0
66
0
0
0
189
66
0
68
0
0
0
190
68
0
50
0
0
0
191
68
0
52
0
0
0
192
68
0
54
0
0
0
193
68
0
56
0
0
0
194
68
0
58
0
0
0
195
68
0
60
0
0
0
196
68
0
62
0
0
0
197
68
0
64
0
0
0
198
68
0
66
0
0
0
199
68
0
68
0
0
0
200
54.01586
0
-65.22833
0
0
0
201
63.832
0
-64.56658
0
0
0
202
68.40353
0
-55.52637
0
0
0
203
62.38175
0
-66.23046
0
0
0
204
54.62794
0
-64.7141
0
0
0
205
53.48351
0
-61.33371
0
0
0
206
50.89274
0
-56.70106
0
0
0
207
60.60199
0
-58.54766
0
0
0
208
57.21962
0
-66.02357
0
0
0
209
52.44828
0
-69.06806
0
0
0
210
64.53749
0
-58.9814
0
0
0
211
68.49519
0
-58.12937
0
0
0
212
55.87367
0
-58.79202
0
0
0
213
50.41241
0
-61.4947
0
0
0
214
58.56703
0
-50.50923
0
0
0
215
65.05327
0
-52.10638
0
0
0
216
67.59568
0
-64.75461
0
0
0
217
69.04237
0
-56.72885
0
0
0
218
54.69778
0
-56.49501
0
0
0
219
57.232
0
-68.59727
0
0
0
220
-64.0247
0
56.83288
0
0
0
221
-61.5979
0
64.94641
0
0
0
222
-58.48736
0
64.43327
0
0
0
223
-54.73378
0
52.20532
0
0
0
224
-58.28931
0
69.7459
0
0
0
225
-69.13048
0
55.71101
0
0
0
226
-68.84832
0
69.14199
0
0
0
227
-67.96319
0
60.50735
0
0
0
228
-57.32648
0
69.72489
0
0
0
229
-60.90425
0
59.92985
0
0
0
230
-64.62251
0
57.8231
0
0
0
231
-61.37716
0
67.01331
0
0
0
232
-52.21497
0
57.93385
0
0
0
233
-60.44811
0
51.29355
0
0
0
234
-69.34507
0
60.09958
0
0
0
235
-68.34014
0
68.85858
0
0
0
236
-66.15446
0
65.55802
0
0
0
237
-67.25307
0
66.05064
0
0
0
238
-61.87668
0
57.33015
0
0
0
239
-62.06291
0
59.87871
0
0
0
